directory	testsize	test_0	test_1
FriJul27210057	10	6	4
FriJul27210146	10	4	6
FriJul27210234	10	4	6
FriJul27210413	12	7	5
FriJul27210512	12	7	5
FriJul27210646	12	7	5
FriJul27210829	12	5	7
FriJul27210919	16	6	10
FriJul27211019	16	8	8
FriJul27211129	16	6	10
FriJul27211726	20	8	12
FriJul27211817	20	8	12
FriJul27211910	20	8	12
FriJul27212039	20	11	9
FriJul27212218	18	6	12
FriJul27212416	18	6	12
FriJul27212516	14	6	8
FriJul27213012	14	7	7
FriJul27213619	10	4	6
FriJul27213716	10	6	4
FriJul27213807	12	7	5
FriJul27213858	12	7	5
FriJul27213949	12	8	4
FriJul27214049	14	9	5
FriJul27214155	14	7	7
FriJul27214250	16	8	8
FriJul27214344	16	7	9
FriJul27214548	16	11	5
FriJul27215457	18	10	8
FriJul27215605	18	8	10
FriJul27215948	18	11	7
FriJul27220044	20	8	12
FriJul27220221	16	11	5
FriJul27220315	20	10	10
FriJul27220848	20	10	10
MonJul30222720	10	5	5
MonJul30223143	10	4	6
MonJul30231307	10	3	7
MonJul30233634	20	12	8
MonJul30234305	20	9	11
MonJul30235714	20	8	12
ThuJul26045613	10	4	6
ThuJul26050049	14	8	6
TueJul24013439	10	5	5
TueJul24013608	8	4	4
TueJul24013708	12	7	5
TueJul24013957	6	3	3
TueJul24015031	12	7	5
TueJul24222425	6	2	4
TueJul24222724	8	4	4
TueJul24223017	10	4	6
TueJul24223100	10	5	5
TueJul24223440	12	7	5
TueJul24223528	12	4	8
TueJul24223747	14	6	8
